[0.0010610005549824867, -0.0015528905952061777, 1.0012933201127892]
[0.8196467202223376, -0.23596725740728186, 0.22461580349854404]
[0.9985283062417996, -2.2282572744828592E-4, -0.0010655845331904593]
[0.001293667197862854, 0.999188775478053, -0.0016764374544481373]
[0.1383533604261524, 1.0214329819825692, -0.041264585280280645]
[0.1396226781466895, 0.928661408898754, -0.05422263221375054]
[-0.005635343919037401, 0.9410419136777177, 0.10362130475680777]
[0.19036394772930657, 0.4841746692288696, 0.42408089710494884]
[0.1556042607037688, 0.4901044578717361, 0.5884918834211343]
[-0.007347531401962787, 0.009175853590899827, 0.8715622893043926]
[0.15255263688660956, 0.6413401690411487, 0.37943976508998273]
[0.11979231131950831, 0.38638928555570506, 0.6891469031337583]
[0.9037575655285133, -3.425860663788938E-4, 0.13291592655172868]
[0.7457730542817282, 0.16037313809675774, 0.439025341764101]
[0.22630986228311809, 0.46726223724490057, 0.06238392938407577]
[0.6549767423076416, 0.12427699739964315, 0.5409955221394357]
[0.8649381230276882, -0.1811722460117306, 0.22726145562161273]
[0.7540018067805934, -0.24788608880130808, 0.2368903229037633]
[0.0871539356929868, 0.13753861348909374, 0.5986035024378679]
[0.14523487215697328, 0.004776053441731452, 0.9383057906388266]
