[2.1622918939432842E-4, 0.007797490555280763, 0.9904267577812575]
[-0.017254431071162722, 0.06985450541067309, 0.9963554783920255]
[0.4215186464757388, 0.8286808850645836, 0.16833667855976153]
[1.010220491989679, -0.015549839210815817, -0.0039984811773412145]
[0.9902575699421732, -0.012341344968248149, -0.043624765201598116]
[0.3876577079486645, 0.26970336250339855, 0.3461354953726561]
[0.5449862508714146, 0.7354292395349069, 0.04355049129872014]
[0.4844124546020548, 0.24941134804117202, 0.5707099053347531]
[0.48407003501593626, 0.27915399257542045, 0.5518357197185426]
[0.13244549722948595, -0.025601907321451955, 0.6618314984091547]
[0.7376214977653067, 0.05183425644071817, 0.28171339570725273]
[0.39249415375916574, 0.33178157702404043, 0.3361464687043284]
[0.61751525103885, 0.5644847190760618, 0.04786576146003928]
[0.07429360221114922, -0.01374472445767929, 0.8045794144092857]
[0.03291021727892916, -0.013620713712283987, 0.8588871735014121]
[0.4190090580251303, 0.7266115597763448, 0.2093098932872826]
[0.6607045004067678, 0.25092894750821687, 0.4654125415234327]
[0.813200752581908, -0.039688699145421766, -0.026182017360699503]
[0.6823715090461149, 0.5791983422403999, 0.0668305679398254]
[0.7225383527846224, 0.24189630013816532, 0.42915641839784663]
