[13.208502908734829, 9.306363333784866, -8.377875829072794]
[13.259249883779034, -0.18638235607475906, -13.530599458249455]
[0.6466279854245407, 4.787330670898932, -6.797942409653643]
[-11.84669105310876, 7.998177026106465, 19.913385497585942]
[-13.689896228141784, 14.73093749300147, 0.29919236301930496]
[8.628978109154048, 5.372456991491742, -14.150261607065527]
[-15.658239919726324, 15.81318327356837, 18.95602701827356]
[-17.02839169042065, 3.2764314961080707, -8.104982483178219]
[0.818213624959089, -5.79199922449579, 9.682783558025072]
[-6.615031189481918, -6.036031477542792, 13.873399981243331]
[-16.928228599715393, -5.844206442635901, -18.560054670476802]
[16.40680778280563, -1.8409995470809584, -18.795771415982912]
[18.818149030934293, 12.787477709281063, -19.71292040633662]
[-17.273097187115987, -16.01447640288351, -12.702331885549034]
[-14.33570128672962, 11.695238762498565, 11.770012594443088]
[3.4617630704306457, 16.625927426659665, 4.715740478124296]
[4.097653829351625, 0.21767229054765025, -14.08650415370236]
[13.813593702360684, -19.21062803154703, 12.852979829629454]
[-0.993518580808125, 7.8790842097491876, -18.229847675560357]
[-12.03513028503464, -10.1701092048576, -19.132097891699384]
