[0.8201260942963269, 0.06800071583847365, 0.9203218344925901]
[0.9215813383494897, -0.08222145214894548, 0.8676992374964461]
[1.284790637487879, 0.005975272826695964, 0.04938647240045507]
[1.2762210584907419, 0.8960640216021395, -0.003361512496048838]
[1.302028501700795, 0.7239655585721206, 0.018619234857150845]
[1.293943442438871, 0.14572705411192013, 0.30837977987864146]
[1.3313529149744348, 0.304134297162125, 0.3331902485883258]
[1.2583983624012738, 0.403679486110532, -0.13488887533658506]
[1.2761012646363257, 0.8305886610853982, -0.0010969445698371526]
[1.2791325891705627, 0.8710743823472816, 0.0014293090501318255]
[1.2816165232638974, 0.26837622790910637, -0.09331602750772736]
[1.2882616915356568, 0.0638889198773202, 0.05422215388097277]
[1.291972863519422, 0.03020742124994328, 0.09639286217229932]
[1.3307052580998784, 0.2816419262861524, 0.29885034064325866]
[1.3157729136376894, 0.2523471202819622, 0.17837697784748505]
[1.2683820929399907, 0.21401744443006387, -0.08613922599568805]
[1.2544233268719505, 0.3552114058388949, -0.134384453927439]
[1.2975766404726905, 0.23379158832733277, 0.020794047514770746]
[1.2606808840913388, 0.3024280429684445, -0.14355582692566354]
[1.263096699365411, 0.38842842776125436, -0.06438275175955929]
