[7.278532983423524E-5, 1.9924040978850885]
[-2.9391776631596195E-5, 1.0316884281419146E-4]
[2.1544805463676855E-4, 0.3840643378068409]
[3.674184230784377E-5, 0.716655982156377]
[1.4233029303863478E-4, 0.2585983296228867]
[2.5000591992212684E-4, 0.16272091760617774]
[7.278532983423524E-5, 0.5582748145824316]
[-7.346943541486698E-4, 1.0129252723671696]
[-7.405174727370014E-5, 0.7831893213136767]
[1.1369022052920845E-4, 0.5170934904029592]
[4.588869779533877E-5, 1.7513466385786376]
[1.0316884281419146E-4, 1.2547487941440238]
[-1.2296546905554294E-4, 1.3915578388566883]
[1.6079407096651318E-4, 0.04195539128669479]
[2.5000591992212684E-4, 1.9396054094571407]
[-3.2305119493467776E-4, 1.6464202147850693]
[8.505014801978211E-5, 1.5445818218866383]
[3.525622006681059E-5, 1.467407214353969]
[-7.346943541486698E-4, 0.9045957582024743]
[-0.08124039075886848, 1.8450049514008384]
