[0.09566702508608263, 0.022433124108356198, 0.9298724218708199]
[1.033801088761714, -0.051143093910155875, 0.02444107899492058]
[1.0061003593492326, -0.027592807025385246, -0.008566770586100407]
[0.7563632342926396, 0.9517592850817009, 0.19261044690507312]
[0.8332928005135812, 0.7143703691992198, -0.01639963729657834]
[0.08271106364496376, 0.06255921584012084, 0.7679743361979812]
[0.5599959420886813, 0.29230006695235794, 0.5479009090955689]
[0.8500003809124591, 0.25994095547609286, 0.09051614872879164]
[0.8960500421594162, 0.6066147276073501, 0.042954224441229205]
[0.4844623257654834, 0.19566314545935506, 0.6069386846141445]
[0.8140797797441657, 0.6394303590909232, -0.038879773965894524]
[0.2397204167275457, -0.06670549522097008, 0.763918587725577]
[0.8777099886252123, -0.08572448116519764, 0.18198957731325252]
[0.7676446947978282, 0.25073673036295197, 0.2796820308548435]
[1.0376280362994676, -0.04211303001385233, 0.10563170192425667]
[0.8939465355758092, 0.5178867099187503, 0.059014248938179255]
[0.7669504714279121, 0.32507801192940655, 0.2671221526129068]
[0.8782068564695611, -0.03769385451509574, 0.17746413209561146]
[0.24013049505744027, -0.06188031667770788, 0.7455485880010434]
[0.24723444581152362, 0.010839968113009758, 0.5891115191374818]
